0
0
1
2
3
3
4
4
5
6
7
7
8
8
9
9
10
11
12
13
14
14
15
15
16
17
18
19
19
20
20
21
22
23
24
25
25
26
27
28
28
29
30
31
31
32
33
34
35
36
37
37
38
39
40
41
41
42
42
43
44
44
45
45
46
47
48
48
49
50
51
51
52
53
54
54
55
56
56
57
57
58
59
60
60
61
62
63
63
64
65
66
67
68
68
69
70
70
71
71
72
72
73
74
75
75
76
77
78
79
79
79
80
81
82
82
83
84
85
85
86
86
87
88
89
90
90
91
92
92
93
93
93
93
94
95
95
96
97
98
99
100
100
101
101
102
102
103
104
105
106
107
107
108
109
109
110
111
111
112
113
114
115
116
116
116
117
118
118
119
120
120
121
122
122
123
124
125
125
125
125
126
126
127
127
127
127
128
128
128
128
128
129
129
129
129
130
130
130
131
131
132
132
133
133
134
135
136
137
137
138
139
139
140
141
142
143
143
144
145
146
146
146
146
146
146
147
148
149
149
150
151
151
151
152
153
153
154
155
156
157
158
159
160
161
162
162
163
164
164
165
166
167
168
168
169
170
170
170
171
172
173
174
175
176
176
177
178
179
179
180
181
182
183
183
184
185
185
186
187
188
188
188
188
189
189
190
191
192
192
192
193
194
195
195
196
197
198
198
198
199
199
200
201
201
202
203
203
204
205
205
206
207
207
208
209
210
211
211
212
212
213
214
215
216
216
217
218
219
219
220
220
221
222
223
223
224
225
226
227
227
227
228
229
229
230
231
232
233
234
234
235
235
236
237
237
238
239
239
240
241
242
243
244
245
246
246
247
248
249
250
251
252
253
254
254
255
255
256
257
258
259
259
260
261
262
262
263
264
265
265
266
267
268
269
270
270
270
271
271
272
273
273
273
273
274
275
275
276
277
278
278
279
279
280
281
281
281
281
281
282
283
283
284
285
286
287
288
289
289
290
291
292
293
293
293
294
294
295
296
297
298
299
299
300
301
301
302
303
303
304
305
305
306
307
307
308
309
310
311
312
313
313
313
313
314
314
314
315
316
316
317
318
319
319
320
321
321
322
322
323
324
324
325
326
326
327
328
328
329
330
331
332
332
332
333
333
334
335
336
336
337
337
337
337
338
339
340
341
342
342
343
344
345
346
346
347
348
349
350
350
351
352
353
353
354
354
355
355
356
357
358
359
360
361
362
363
364
364
365
366
367
367
368
369
369
370
371
371
372
373
374
374
375
376
377
378
378
379
380
381
381
382
383
383
384
385
386
386
387
388
389
390
391
391
392
393
393
394
395
395
396
397
398
399
399
400
401
401
402
403
404
405
406
407
408
408
409
410
410
411
412
413
413
414
415
416
417
418
419
419
420
420
421
421
422
423
424
425
426
427
427
428
429
430
430
431
432
433
433
434
435
436
436
436
437
438
439
440
441
442
442
443
444
445
445
446
446
447
448
449
449
449
450
451
451
452
453
454
454
455
456
457
458
458
459
460
461
461
462
462
462
462
463
463
463
463
464
465
466
466
467
468
469
469
470
471
472
472
473
474
474
475
476
477
477
478
479
480
480
481
482
483
483
483
484
485
485
486
487
488
489
490
490
491
492
492
492
493
494
495
495
496
497
497
498
499
499
500
501
502
503
504
505
505
505
505
506
507
507
508
509
510
511
512
512
513
513
514
515
516
517
518
519
519
520
520
521
522
523
524
525
525
526
527
528
529
529
530
531
532
533
534
535
535
536
537
538
538
539
539
539
540
541
541
542
543
544
544
545
546
547
548
549
549
550
550
551
552
552
553
553
553
554
555
555
556
557
557
558
558
559
560
561
561
562
563
564
565
566
567
567
568
568
568
569
569
570
571
571
571
571
572
572
573
574
574
575
576
577
577
578
579
580
580
581
582
583
584
585
586
586
586
587
588
588
588
588
589
590
590
591
592
593
593
594
595
595
596
597
597
598
599
599
599
599
599
600
601
601
602
602
602
603
604
604
605
606
606
607
607
608
609
610
610
611
611
612
612
613
614
615
616
617
618
618
618
619
620
620
620
621
622
623
623
624
625
626
627
628
628
628
628
629
629
630
631
632
633
633
634
634
634
634
635
635
636
637
637
638
639
639
640
641
642
643
644
645
645
646
647
648
649
649
650
651
652
652
653
653
654
655
656
656
657
657
658
659
659
660
661
661
662
663
664
664
665
666
667
667
668
669
670
671
672
673
673
674
